803055402489442305
803055081461399552
803053556903182337
803053555519131648
803053334416465920
803053216967565312
803052966450106368
803051843660185600
803051843492466688
803050908712128512
803050329059295232
803050009403002880
803049775637610496
803049503330746368
803049379825385472
803049004699295744
803048354984792065
803047904105660416
803046805307084806
803046765507252224
803046262643621888
803045486471086080
803045155586457600
803044864833175552
803042829765197824
803042521832034304
803041901129637889
803040763986771968
803040484310585344
803039681302515712
803039229399814144
803039086978154501
803038630121914368
803037181644185600
803036992736989184
803036667993063425
803036065518981120
803035680746180608
803035071087345664
803034985795973120
803033665433432064
803032998014763009
803031973455429632
803031741854322688
803030959352324096
803030589162987520
803030150245969922
803029861170380800
803029528851443713
803028104599969792
803027919257804800
803027788064243713
803027776831897601
803027776131448832
803027702580203521
803027653771087872
803027582635622400
803027155244355584
803026960234463232
803026933940371460
803026770865758208
803026678897344512
803026555471544321
803025945401491456
803025534372327424
803025264120692736
803025045492736000
803022919517384705
803021553965277184
803021342861705217
803021289963208704
803021233721839617
803021162833989632
803019413091942401
803018830356381697
803018468610154496
803017940861906944
803017671876804608
803017454821642241
803017101480857600
803016869359665152
803016591973748736
803016055685685248
803015639258595328
803015408785780736
803015365676724224
803015176844967936
803014988126269440
803014940181331968
803014785830912003
803013672243036160
803013435998937089
803013292016988160
803012439033921536
803012009369346048
803011578933219328
803011357213741057
803010878765486080
803010798893273089
803010247728078848
803089053310599169
803088886549413889
803088443039420416
803088216827928577
803087872928542720
803087077285842945
803086963893006336
803086400794918912
803085827756523521
803084732388868096
803083904659976192
803083503139176448
803083470339801088
803082560431591425
803081686745546752
803081422151950336
803081382150836224
803081348156047360
803081258653794304
803081177598787585
803080632502984704
803080119678070784
803078913266094080
803078242420695040
803077149410426880
803076181474078720
803076153623908352
803076064356335616
803075958689251328
803075729495732224
803074099362852864
803073039738908676
803072554474893312
803072545788481536
803072287146553344
803071977523187712
803071868286562304
803071315691216896
803071227636039680
803071089521860612
803071058198851584
803070817236090880
803070451450671104
803070301043097600
803070001250992128
803068250615463936
803067963855278080
803067779117027328
803067611546144768
803067045243977728
803066916722114560
803066789412245504
803066740351651840
803066593450332161
803065619901857792
803065574309773312
803065264879255552
803065163997847553
803064989871259648
803064288231493632
803064142705750016
803064107830312961
803063949885194241
803063780502450176
803063368122822656
803062964450275328
803062481006403584
803062367143620608
803062299783090176
803062167520079872
803062070040231936
803061780813467648
803061492664832000
803061262439456769
803061174132686849
803060784922136576
803060743331573762
803060732518600705
803060666198294528
803060642055716864
803060329634676736
803060303076401152
803060177851351040
803060145982935040
803060140903534592
803059883000012800
803059861974040581
803059792142942208
803059773050617857
803059465109078020
803059350025764864
803059276084297732
803059275115483136
803059270744948740
803059114326786048
803058593524105216
803058552927559680
803058410375806976
803057735763771392
803057605614718977
803289146160594944
803289136346042368
803288691900841986
803288368813633536
803287794516979712
803287309781176320
803286467518877697
803286281098760192
803286130946805761
803286072725684224
803285811508625408
803285530846720000
803285505458610176
803285202571173888
803285158107480064
803284783791046656
803283856128241664
803283366200180736
803281676449222656
803281185053036544
803280481013956610
803280258283683840
803280167326060544
803279993505804290
803279712856502273
803279706233503744
803279005596184576
803278098921848832
803277716443332608
803276736716673024
803276609134460928
803276601077145600
803276537818705920
803276501072236545
803276104790253568
803275399262150656
803274918813204480
803274838555185152
803274818778853376
803274793453846528
803274553510141952
803274484362964993
803274281224261632
803274055323267072
803274013489426432
803273913136455681
803273867674451968
803273827027402752
803273764851085314
803273403067006980
803273042973470720
803272080192061440
803271797697347584
803270603893415936
803270521672474625
803270037918384128
803268980551143424
803268270958768129
803267934386790400
803267688298672128
803267243073093632
803266263694749697
803265804938584064
803265640626851841
803264869638213633
803264704294649856
803264553803022337
803264500262727681
803263752023908356
803263699142242304
803263649397821441
803263380417085441
803263191421751296
803261716511371264
803259935551168512
803259660589363200
803259243566546945
803259176600207360
803259087874093056
803258023137386497
803257992779022337
803257857625952260
803257488912977920
803256979569410048
803256062786867201
803255912836300800
803255509033762817
803254877744984064
803254764850978816
803254254957973504
803253956755394560
803253929794568192
803253838543134720
803253733039767552
803253624247721984
803253580778061824
803253553154457604
803253542223872000
803253380063711232
803253171967655939
803406762787348480
803406630507413504
803406142017835008
803405286430097408
803405162920443905
803405050710290432
803404898150809604
803404833931882498
803404381563617280
803404165380763648
803404127376146433
803404099555209216
803404016306835456
803403969158594561
803402776399282176
803402691523190784
803402609109430272
803402307132067840
803401736350269442
803401362826469376
803401125445693441
803401106864959489
803401019531018240
803400596564901888
803400317173907461
803400258952671232
803400201671233536
803400146968944640
803399923542753280
803399921223290880
803399239913078784
803398984194736128
803398667772293124
803398251038674944
803398080582340608
803396227568173056
803395556869599232
803395520769228800
803395299674714112
803395282813800448
803394891845799940
803394833389912064
803394417059123200
803394273097973764
803394050103668737
803394034987319297
803393859359227904
803393618060808192
803393381451857920
803392726108610560
803390906716090368
803390846330605568
803390411221798913
803390311775031296
803390100109291521
803389946652459008
803389068545499136
803388959502073856
803388906481668096
803388845995819009
803388294775963648
803387686996283393
803386765864292352
803386547307421696
803384957636751360
803384895494045697
803384578446675968
803383746670002176
803383299838251008
803382661553135616
803382137378443264
803381399130701824
803381368713515009
803381269132439552
803381090480230400
803379417628151808
803379251579863040
803379128695226368
803378960931422209
803378743339286530
803378567333691392
803378353600397313
803377600525697024
803377523140730880
803377433206464512
803377332891303942
803377216906215424
803376967919747072
803376951444537344
803376197845577729
803376064600965120
803375948775247872
803375703337082880
803375349660782596
803374911934832640
803374022083874817
803373971358052352
803373505714749440
803372606485385216
803372440646721536
803425903342747648
803425372922638336
803424763896942592
803424675489599488
803424381997383685
803423707414855680
803423289267851264
803423173127663616
803422770726076416
803422696730218496
803422683501236226
803421826051284992
803421628575129600
803421093944061954
803419687648432128
803419327252889601
803419270134820864
803418967251554305
803418744932499456
803417584464867328
803416622652334080
803416415051141152
803416273392730112
803415842260131840
803415239295238144
803414818581520384
803413981583044609
803413888003932160
803413374059106305
803413317356175360
803413274322731008
803413250184531968
803413048589422593
803412342956584961
803411297538863105
803411277276213255
803411158942281728
803410734726070272
803410549228838913
803409371178868738
803408853144637440
803408019853836288
803407712285499397
803406762787348480
803406630507413504
803406142017835008
803405286430097408
803405162920443905
803405050710290432
803404898150809604
803404833931882498
803404381563617280
803404165380763648
803404127376146433
803404099555209216
803404016306835456
803403969158594561
803402776399282176
803402691523190784
803402609109430272
803402307132067840
803401736350269442
803401362826469376
803401125445693441
803401106864959489
803401019531018240
803400596564901888
803400317173907461
803400258952671232
803400201671233536
803400146968944640
803399923542753280
803399921223290880
803399239913078784
803398984194736128
803398667772293124
803398251038674944
803398080582340608
803396227568173056
803395556869599232
803395520769228800
803395299674714112
803395282813800448
803394891845799940
803394833389912064
803394417059123200
803394273097973764
803394050103668737
803394034987319297
803393859359227904
803393618060808192
803393381451857920
803392726108610560
803390906716090368
803390846330605568
803390411221798913
803390311775031296
803390100109291521
803389946652459008
803389068545499136
803451028590837760
803450566731034624
803450265206657024
803450212459147265
803450018229166080
803449927086944256
803449742881501184
803449461355773952
803449207839477760
803448507193585665
803448456446701568
803448258710355968
803447891285053440
803447351838851072
803447055008104448
803446420565016576
803445649656057856
803444834497282048
803444724149256192
803444376718471168
803444208396701696
803444090130010112
803444089681301504
803443829445685248
803443812383260673
803443679750930432
803443429770428416
803443404134875136
803443316448604164
803443039784071168
803442968933896196
803442904710713345
803442676397961216
803442668416200704
803442490623819777
803441737951825920
803441519659204608
803441341300690944
803440939138170880
803438802354180096
803438678362075137
803438588339908608
803438147585462272
803437781615865856
803437515533217792
803437269872885761
803436586557931520
803436502722248704
803435937866940416
803435856254169088
803435805310152705
803435299309166592
803435277624614912
803435249199882240
803435183881887744
803434825986215936
803434600110428162
803433776730750976
803433563769208836
803433129285447680
803432695233703938
803432552849674240
803432395512971264
803431767789228033
803431038454091776
803430349153910784
803430282372280320
803430098720423936
803429452654878720
803429051369132032
803428755377045504
803428635415871488
803428282825842688
803428264907776000
803427892751384576
803427479218229248
803427282870120448
803426631788335104
803426500582195200
803425903342747648
803425372922638336
803424675489599488
803424381997383685
803423707414855680
803423289267851264
803423173127663616
803422770726076416
803422696730218496
803422683501236226
803421826051284992
803421628575129600
803421093944061954
803419687648432128
803419327252889601
803419270134820864
803418967251554305
803418744932499456
803417584464867328
803416622652334080
803416415051141152
803627849638813696
803627821314834432
803627667228479488
803627273819750400
803627003769475072
803626853667745793
803625903989194753
803625213493583876
803624965534863360
803624787687960576
803624515875942401
803624412150800384
803623094644600832
803622863970267137
803622784387661824
803622660630605825
803622523141312513
803622319671406592
803622298880049153
803621286031323136
803620872045019136
803620561112932352
803619396480602112
803619341405036545
803619219162079232
803619161398132740
803618972398555136
803618735084994561
803618030903128067
803617958681448448
803617889362186240
803617781581160448
803617777869266944
803617756319010816
803617689130278912
803617442480226304
803616147082006528
803616080543498242
803615728465313792
803615590963257344
803615231360368640
803615044399464448
803614754853896192
803614636008292352
803614531339493377
803614494953902080
803614275046514688
803614192351621121
803614177717784576
803613964450066432
803613938948521985
803613905847197696
803613340346023936
803613265116827648
803612675628351489
803612675041325056
803612384979845120
803611998416052224
803611711991332864
803611647751364610
803611613697871872
803611383032061953
803611314480238594
803610930462343169
803610009091248129
803609702798016513
803609690055835648
803609098210025473
803609085832810496
803608168404160512
803608163844882432
803607817517043712
803607515845902336
803607074039037953
803607067617476608
803606885471399937
803606535561682944
803606499129888768
803606470965215232
803606469111185408
803606391403315200
803605594863190016
803605494703226880
803605332421439490
803605073536241664
803604413843697668
803604372437475333
803604195156852736
803603879191543808
803603383634378756
803603213362434048
803603161898487808
803603101949329408
803603059121287168
803602986207473668
803602936819396614
803602701628149760
803602611429457920
803602274962374658
803602177440681985
803722165170245632
803721710717571074
803721427950125056
803721283728904192
803720455874113536
803719862413627392
803719753596538880
803718975846760448
803718678390902788
803718169873489924
803716272487690241
803716266393563136
803715879473127424
803714951563001856
803713518407008256
803712489519202304
803712082353029120
803712002610761728
803711634564739072
803711260130951169
803710968106602496
803710713638387712
803710641924087813
803710471664730112
803710331843477508
803710263673241600
803710062485065729
803709945149587457
803709813729411077
803709734939492352
803709678333009920
803709677628522496
803709606379843584
803707680498053120
803706160708747265
803704926597763074
803704148327890945
803703910041063427
803703769473105925
803702864258408448
803702553259233280
803702399676227584
803702336027623424
803702128783060993
803701938311155712
803701425352089600
803701407379554304
803700990654500864
803699900126883840
803699863393370112
803699802496266240
803699748586651648
803699487285727232
803699196830318593
803698473895862272
803698286573953024
803698262222012416
803698095787823106
803697894029074432
803697459818090496
803697247645036547
803697142040817664
803696767409627136
803696396847042560
803695496615362560
803695405527506944
803694886335741952
803694396222775296
803693559488675840
803693377334087680
803692702009331712
803692509847113728
803692472245297153
803692150894391296
803691853543514117
803691554103787520
803691056978128897
803691041601691648
803690341538799617
803690196797562880
803689987573252096
803689966920466435
803689591639195648
803689568188952576
803688350200647680
803688097061818368
803687631376760832
803687302774001664
803687301809340416
803687269890719744
803687135630888960
803687095671947264
803687046015578112
803686885436424192
803686873814044672
803686873730285570
803686760815280128
803686581534158850
803686390420606976
803686023322484737
803773435339886592
803773361801297920
803773344419979264
803772606000365569
803772120387813380
803771892767211520
803770567107039232
803769552056229888
803769034600837124
803768970654445569
803768651920920577
803768649345417218
803768474392592384
803768289394651136
803768232750419968
803767404010422273
803766729746894848
803765741065375744
803765267679641600
803764941916237825
803764401601789952
803763447460745216
803763028097318912
803762767375302656
803762587280125953
803762525019877376
803762277526564865
803761942972289024
803761511147548672
803761103134228485
803761031726055425
803760947982663680
803760838557532164
803760636001853441
803759998362914820
803759643608502272
803759392147390465
803759173544472577
803758460248567808
803758269781024768
803758056496660480
803757750828138496
803757659153264640
803757374007717888
803756221492625408
803756016764616704
803755821301534720
803755655450345472
803755320728240129
803755294287241216
803755293473730561
803754980389724160
803754900073156609
803754761065529346
803753976596430850
803753853141258240
803753794106335232
803753739031089152
803753715173888000
803753517684903936
803753503407620097
803752853999325184
803752821648740352
803752446224977920
803752047828930560
803751455337291776
803750994957844480
803750796793905152
803750393381617664
803750190565957634
803750141270360064
803749999620354048
803749778219823104
803749571444834304
803748303183589376
803747751993442304
803747449995194368
803747176690176000
803746852919050240
803746582722150400
803746473263280128
803746092521115648
803746059990102016
803745815110025221
803744304724316160
803744137220620289
803743017894977536
803742252157661184
803741542808551424
803741018088685568
803740995099578368
803740915902730240
803740816141230080
803740565414154241
803740458266431488
803740255773933570
803740240003432448
803740076949635072
803739990580600832
803739930837086209
804010145642467328
804009464785465345
804008933165768705
804008453043814401
804007939644280833
804007589881081856
804007213706592257
804006980973105160
804006804803948544
804006318793232386
804006163616514048
804006151956238336
804005884409982976
804004917111361536
804004647715348480
804004410678448129
804003551802511360
804003165960015877
804003003795722240
804002443298095104
804002029563682817
804001803675271168
804000899924267008
804000708236185601
804000650820550656
804000645611212800
804000543869845504
804000300080267264
804000027601502209
803999326359998468
803998843780087808
803998629065330688
803998608697618432
803998406297391104
803998062473519104
803996666416140288
803996517921095680
803996481418100736
803995914457255936
803995840943652865
803995830717775872
803995819196215297
803995283558436864
803995157154541568
803994488494559232
803993920346566657
803993782261673984
803993321311965184
803993285278756866
803993118127390721
803992852762136576
803992637955051520
803992499341684741
803991950613417984
803991679841628160
803991067003654144
803990943816790016
803990256513142784
803989976362979329
803989543775039490
803988837311672320
803988466262536192
803988450420649984
803987466411769857
803987002697859072
803986855154909184
803985041906864129
803984777632059392
803984701639823361
803982949662261253
803982426934542336
803981742625406976
803981248054067200
803980545348616193
803980456828010496
803980286014980096
803980197901074432
803979516070809600
803979400672903168
803979380921892864
803979365994348544
803978575955247104
803978460557254657
803978428613533696
803977953126318081
803977895723069440
803977716286504960
803977655838183425
803977573978042369
803977392121331712
803976992009973761
803976205934460930
803974529202712577
803974071360884737
803973697530974208
803973665159282688
803973586356674560
803973366994661376
803973357116891136
803973206050750464
804173316244340737
804172209853960194
804171770207027200
804171397408944128
804171089454788608
804170909816852480
804170909519114240
804170854057865216
804170595508203520
804170210093580288
804170156654166020
804169823748059136
804169163572969472
804169099995709440
804168602144346112
804168207896440833
804167765661597696
804166999479898113
804165195757211649
804164554943057921
804163324791443456
804163205236948994
804163026337337344
804162317688573952
804160565069262848
804160510509850626
804160254409867264
804159687344214016
804159198384640000
804159145209430016
804158334450462720
804157884267261952
804157234045394944
804157059893706752
804156909171380224
804156628228448256
804156216834400256
804155314580967424
804155092748398592
804154502932664321
804154252390232064
804153203889754112
804153033235927040
804153011610284033
804152978496229376
804152773042434049
804152606822043648
804152558960816129
804152207960670209
804152049445273604
804151946869436416
804151709069144064
804151573207257088
804151198832009216
804150846745243648
804150707108466688
804150702872219648
804149648583753728
804149621928972288
804149057887277056
804148715577602048
804148671373787136
804148585755459591
804147223793520641
804146639510315008
804146293035646979
804145518993620995
804144041482809344
804142527687380993
804142394165760000
804142047938625538
804141060532355082
804140954424745984
804140656759291910
804140019019563010
804139932226830337
804139826756849664
804139532861878272
804138467160637440
804138125341638662
804138054483144704
804136660535484416
804136377780752384
804136363067133952
804136287670247424
804135503276687360
804135020210307073
804134842359087104
804134661236682753
804134621487079424
804134521566351360
804134444688883719
804134372928552960
804133980756844544
804133379646046211
804132968600059905
804132546640576513
804132348522426368
804132001590706176
804131970657595392
804402489097326594
804402470575161344
804402016034451456
804401657215848448
804401585573003264
804401118868406272
804400741226049536
804399911223574529
804399194270236672
804399162632511489
804399108026933248
804398567637053442
804398381330300928
804398166544003072
804398011405123584
804397951757979648
804397555492724736
804397348231217152
804397243029684224
804397214210674688
804397148351533056
804397139329765376
804397019041251328
804396968957145088
804396803068141568
804395734392897536
804394664522563585
804394325794844674
804391876790890496
804390903813197825
804390892090036224
804390709935697920
804390167184347143
804389862635925504
804389745040166913
804389053789597696
804388637664313345
804388570752548868
804388416263782400
804388086197030912
804387183767461888
804386521180618753
804385220963094528
804384915357765632
804384830590951424
804384798190006276
804384743684907008
804384380496052226
804384139105316864
804383621167677440
804383583582486528
804383007058628608
804382420657143808
804381890127937538
804381689338281984
804381243852853248
804380842080419843
804380799462162433
804380765098283008
804380228906795008
804379862781874176
804379154074443776
804378715945922560
804378044718714880
804377995901358080
804377601284407296
804377079194259456
804377037259624448
804377035254669312
804376861593767936
804376758501769217
804376739493376000
804376393320693760
804376141020573696
804375975878389762
804375268995506176
804375011570094080
804374956247089153
804374205856944128
804373394527391744
804372407163162624
804372289454215172
804371834816921601
804370453368373248
804370450377768964
804370204381839360
804369807835594752
804369304728780800
804368706260336640
804368622751780864
804368315909074944
804367995439087616
804367772708904961
804367235779330048
804366908468273152
804365889986592768
804365788408782848
804365493201047552
804364556835450881
804364166437933056
804494418023682048
804493809052712960
804493656866639872
804493522036518912
804493484186996736
804493356839686146
804493236563808256
804493188572545024
804493188094423040
804493122428346368
804493114790543360
804492745050095616
804492679845474304
804492566372773888
804492475897262080
804492423040761856
804492202080468992
804492169272852480
804491332404314112
804490655909220352
804490231726608384
804489855166074880
804489331851325441
804489280823447552
804488851473301505
804488515740463104
804487098640240640
804486730535632897
804486570950721537
804486387529453569
804486368592281600
804486051163209728
804485725114798080
804485318816763908
804484774903443456
804484592736542721
804484361269772288
804484142595457025
804483755348004869
804483603497385985
804483422836158464
804483349612023809
804482930047389696
804482821830086656
804482649108713473
804481748319031296
804481680803176448
804481473285910528
804480981704945664
804480727349948416
804479797258756096
804478734833254400
804477997159849985
804477735351488512
804477687142023168
804477500302639104
804477449224470529
804476962559393792
804476519494090752
804476241013309440
804475836405456896
804475147742834692
804474966955593728
804474895883182080
804473629673132032
804471567916924928
804471289067012098
804471160431923201
804471128064282624
804470773712818176
804470348385316865
804469727112347652
804469230905294849
804469099162173440
804468585435426816
804468563260149760
804468109470007296
804467112777568256
804466264429260800
804466230858043392
804465737318313984
804465088912621568
804464341806448641
804464241902174208
804464236848181248
804463886472646656
804462963532898304
804462734930743297
804461600581160961
804461495581102080
804461222577979392
804461132954083328
804460934068584448
804460834663596032
804459815032471553
804459148188483584
804458763952459776
804457214543097856
804455761304645632
804454706433003520
